0.524709 -0.824658 0.211234
0.165659 -0.785042 -0.59688
0.676722 -0.419699 0.604897
-0.43061 0.725801 -0.536459
-0.172615 0.979057 -0.10794
-0.956486 0.136759 -0.257742
-0.660058 0.750736 -0.0268018
0.529414 -0.163854 -0.83239
-0.592568 -0.678227 -0.434594
0.615056 0.758905 -0.213938
0.85316 0.0876871 0.514226
0.516462 0.602638 -0.608354
0.542359 0.816455 0.198111
0.426932 0.453439 0.782382
0.826107 -0.00558246 0.563486
-0.73243 -0.0596461 -0.678224
-0.693737 -0.593562 0.407937
-0.648432 -0.759721 -0.0485744
-0.325212 0.0131194 -0.94555
-0.221717 0.810124 -0.542715
-0.829918 -0.14079 -0.539828
-0.503691 0.364848 -0.783059
-0.198545 0.934615 0.295083
0.193572 -0.510095 -0.838053
0.397196 0.186161 -0.898654
-0.553428 -0.0912059 0.827888
0.335698 0.883592 -0.326454
0.735371 -0.606544 0.302214
0.257692 0.109924 0.959954
-0.469198 0.127719 0.873808
0.0248425 0.336745 -0.941268
0.582044 -0.410665 -0.70184
-0.104192 0.991373 -0.0795207
-0.604557 0.602987 -0.520497
-0.939138 -0.0741218 -0.335448
-0.380886 -0.0766501 0.921439
-0.465855 0.192492 -0.86367
0.813619 -0.377816 -0.441905
-0.187909 0.858543 -0.477069
-0.609761 -0.736875 0.291903
-0.283199 -0.688117 0.668052
-0.604277 0.238791 -0.76015
0.449027 -0.826579 0.339326
0.0813342 0.611896 -0.786745
-0.546982 0.749285 -0.37334
0.947576 -0.265842 -0.17728
-0.383227 -0.581844 -0.717353
-0.492326 0.196502 -0.84794
-0.624068 0.462846 -0.629534
-0.228767 -0.521607 -0.821944
-0.817813 0.090336 0.56835
0.515917 -0.166728 -0.840257
0.38821 0.518131 -0.762124
-0.626296 -0.767614 0.136093
-0.656925 -0.613767 0.437881
0.206987 -0.89937 0.385084
-0.790714 0.273314 0.547787
0.34205 0.826268 0.447531
-0.9246 -0.342383 0.166997
0.281355 0.508804 -0.813608
0.5292 0.400835 0.747849
-0.853237 0.0244313 -0.52095
0.490777 -0.0471648 -0.870008
-0.389267 -0.891006 0.233623
-0.00138904 -0.964884 0.262673
-0.23134 0.812248 0.535477
-0.74119 -0.43513 0.511175
0.509772 0.724266 -0.464297
0.570784 0.5742 -0.586941
0.447928 0.747743 -0.490143
0.38858 0.196548 -0.900208
0.945146 0.32379 -0.0431268
0.382017 0.764063 0.519875
0.261853 -0.84553 -0.465309
-0.196727 -0.295683 -0.93481
-0.546909 -0.656537 -0.51947
0.568734 0.378624 0.730195
-0.532749 -0.0680163 0.843536
0.730306 0.343131 0.59069
-0.746432 0.184566 -0.639355
-0.769886 -0.382086 -0.511162
0.690638 0.233741 0.684386
0.80642 -3.2577e-05 0.591343
0.510346 -0.422435 0.749063
0.452219 -0.00625427 0.891885
0.355918 -0.376447 0.855342
0.532781 0.0139344 -0.846138
-0.639014 -0.427801 0.639255
0.506786 0.834413 0.21662
0.656906 -0.399568 -0.63939
-0.629537 0.769847 -0.10497
-0.874068 -0.476454 0.0948483
-0.229634 -0.553278 0.80072
-0.841424 -0.164942 -0.514588
-0.0587589 0.165505 -0.984457
-0.580291 -0.304784 -0.755228
-0.0132988 -0.966101 -0.25782
0.847126 0.191709 -0.495606
0.262512 -0.45531 -0.850753
0.524145 -0.535657 -0.662075
0.865776 -0.112502 -0.487622
0.208642 -0.144946 -0.967191
-0.498829 -0.866683 0.00548296
0.3866 0.644135 -0.660024
0.408558 -0.342559 0.846011
-0.508988 -0.697857 0.503912
-0.5774 -0.610854 0.541726
-0.284094 -0.886081 0.366266
-0.400663 0.742257 0.537144
0.861166 0.433083 -0.266144
0.15706 0.940196 -0.302264
-0.332237 -0.0223406 -0.942931
-0.186841 0.978053 -0.0922138
-0.121636 -0.622091 0.773439
-0.966991 0.175139 -0.18508
0.934884 -0.341111 0.0981649
-0.371062 0.615447 -0.695369
-0.104034 0.0453978 0.993537
-0.550782 0.811076 -0.196963
0.422889 -0.733424 0.532217
-0.451061 -0.891841 0.0340994
-0.914853 0.104285 0.390089
-0.182308 -0.750786 0.634888
-0.285513 -0.274335 0.918271
-0.788858 0.473354 -0.391968
-0.442164 -0.853646 -0.27528
-0.44466 0.635945 0.630755
-0.748631 -0.61227 -0.254316
-0.113447 -0.932367 0.343251
-0.0482309 -0.801851 0.595574
0.816845 -0.442972 -0.369513
-0.499864 -0.717256 0.485469
-0.553844 -0.114481 0.824713
-0.0432341 0.654566 -0.754768
-0.227724 -0.536613 0.81252
0.735475 0.618433 0.276798
-0.8706 -0.455305 -0.186423
-0.453737 -0.784642 0.422444
0.146045 -0.894169 0.423241
-0.376249 0.688055 0.620498
0.118852 -0.0117148 0.992843
0.439982 -0.832357 0.337042
0.375544 0.918061 0.127006
0.527552 -0.140279 -0.837861
0.0855897 -0.913318 -0.398151
0.672195 0.640381 -0.371572
-0.623108 0.557524 -0.548547
0.51887 -0.194014 -0.832546
0.520737 -0.614246 0.592904
0.269624 -0.95816 -0.0960841
-0.171743 0.560913 -0.809865
0.55962 -0.356909 -0.747958
-0.988252 0.0115256 -0.152399
0.464804 0.761244 0.452178
0.659249 -0.751771 0.0152024
-0.697624 0.162106 -0.697884
-0.908206 0.0229596 0.417893
0.393613 0.842248 -0.368357
-0.0972892 -0.685141 0.721884
-0.79729 -0.603406 0.0151566
0.470029 -0.760208 -0.448504
0.362328 0.748001 0.556069
-0.652828 0.0060484 0.757482
0.620243 0.733071 0.279115
-0.228199 0.449212 -0.863791
0.813783 -0.527378 -0.244191
0.400315 -0.65949 -0.636255
-0.943674 0.0232806 0.330057
-0.746764 0.584323 -0.317662
-0.678925 -0.553675 0.482188
0.301677 0.422043 0.85491
0.744531 0.599161 -0.294415
-0.593084 0.684786 0.423461
-0.281699 0.502004 0.817703
-0.444136 0.218176 -0.868989
-0.764178 -0.442717 0.469077
-0.462171 -0.715743 -0.523556
-0.725843 0.0574607 0.685456
0.718082 -0.648992 -0.251331
-0.806507 -0.0901407 0.584313
-0.925065 -0.349956 0.147601
0.470556 -0.856716 0.211223
0.0334099 0.936909 0.347973
-0.124249 -0.952713 -0.277308
0.941937 -0.0899671 0.323514
0.548528 -0.411522 0.727851
-0.12424 0.0779849 0.989183
0.173545 -0.81776 -0.548772
-0.172696 0.613394 0.770664
0.595461 -0.670859 -0.442012
0.947721 0.302429 0.10179
0.906162 -0.0772369 -0.415818
0.242981 0.968625 0.052212
0.386329 -0.4372 0.812161
0.788095 0.569257 0.234208
-0.303347 0.899574 -0.31424
0.245396 -0.630244 0.736596
0.4264 0.143027 0.893155
-0.798289 0.217225 -0.561737
-0.353606 -0.928313 0.11488
